0 FILE Exoskeleton - V3.io
0 Untitled Model
0 Name:  Exoskeleton - V3
0 Author:  Barnabas Homola
0 CustomBrick
0 NumOfBricks:  619
1 16 0.000000 0.000000 0.000000 1.000000 0.000000 0.000000 0.000000 1.000000 0.000000 0.000000 0.000000 1.000000 elbow joint - v2
1 16 229.999900 247.872200 809.999800 0.000000 0.000000 -1.000000 0.000000 1.000000 0.000000 1.000000 0.000000 0.000000 wrist joint v3
0 STEP
1 15 189.999900 70.999900 749.999800 1.000000 0.000000 0.000000 0.000000 1.000000 0.000000 0.000000 0.000000 1.000000 32278.dat
1 71 109.999900 70.999900 729.999800 1.000000 0.000000 0.000000 0.000000 1.000000 0.000000 0.000000 0.000000 1.000000 41239.dat
1 71 -130.000400 71.000100 729.999600 1.000000 0.000000 0.000000 0.000000 1.000000 0.000000 0.000000 0.000000 1.000000 41239.dat
1 71 -210.000400 70.999900 711.229600 1.000000 0.000000 0.000000 0.000000 1.000000 0.000000 0.000000 0.000000 1.000000 41239.dat
0 STEP
1 71 189.999900 50.999900 749.999800 -1.000000 0.000000 0.000000 0.000000 0.000000 -1.000000 0.000000 -1.000000 0.000000 48989.dat
1 71 109.999800 50.999800 749.997300 -1.000000 0.000000 0.000000 0.000000 0.000000 -1.000000 0.000000 -1.000000 0.000000 48989.dat
1 71 -130.000500 51.000000 749.997300 -1.000000 0.000000 0.000000 0.000000 0.000000 -1.000000 0.000000 -1.000000 0.000000 48989.dat
0 STEP
1 15 189.999900 30.999900 749.999800 1.000000 0.000000 0.000000 0.000000 1.000000 0.000000 0.000000 0.000000 1.000000 32278.dat
1 71 109.999900 30.999900 729.999800 1.000000 0.000000 0.000000 0.000000 1.000000 0.000000 0.000000 0.000000 1.000000 41239.dat
1 15 -210.000400 30.999900 751.229600 1.000000 0.000000 0.000000 0.000000 1.000000 0.000000 0.000000 0.000000 1.000000 32278.dat
1 71 -130.000400 31.000100 729.999600 1.000000 0.000000 0.000000 0.000000 1.000000 0.000000 0.000000 0.000000 1.000000 41239.dat
0 STEP
0 NOFILE
0 FILE Elbow Joint - V2
0 Elbow Joint - V2
0 Name:  Elbow Joint - V2
0 Author:  
0 CustomBrick
0 NumOfBricks:  202
1 71 -10.000100 29.576500 -13.555100 0.000000 0.000000 -1.000000 -0.996195 -0.087155 0.000000 -0.087155 0.996195 0.000000 32524.dat
1 0 -70.000200 30.448100 -23.517000 0.000000 0.000000 1.000000 0.087155 0.996195 0.000000 -0.996195 0.087155 0.000000 2780.dat
1 0 49.999900 30.448100 -23.517000 0.000000 0.000000 1.000000 0.087155 0.996195 0.000000 -0.996195 0.087155 0.000000 2780.dat
1 1 -30.000100 30.448100 -23.517000 0.000000 0.000000 1.000000 0.087155 0.996195 0.000000 -0.996195 0.087155 0.000000 43093.dat
1 1 9.999900 30.448100 -23.517000 0.000000 0.000000 1.000000 0.087155 0.996195 0.000000 -0.996195 0.087155 0.000000 43093.dat
1 15 -110.000500 31.319600 -33.479000 1.000000 0.000000 0.000000 0.000000 -0.087155 -0.996195 0.000000 0.996195 -0.087155 32009.dat
1 15 89.999900 31.319600 -33.478900 -1.000000 0.000000 0.000000 0.000000 0.087155 -0.996195 0.000000 -0.996195 -0.087155 32009.dat
1 1 89.999900 189.839200 -9.572200 0.000000 0.000000 1.000000 0.087155 0.996195 0.000000 -0.996195 0.087155 0.000000 43093.dat
1 1 -110.000500 189.839200 -9.572200 0.000000 0.000000 1.000000 0.087155 0.996195 0.000000 -0.996195 0.087155 0.000000 43093.dat
1 0 -110.000500 110.143700 -16.544600 0.000000 0.000000 1.000000 0.087155 0.996195 0.000000 -0.996195 0.087155 0.000000 2780.dat
1 0 -110.000500 70.295900 -20.030800 0.000000 0.000000 1.000000 0.087155 0.996195 0.000000 -0.996195 0.087155 0.000000 2780.dat
1 0 89.999900 70.295900 -20.030800 0.000000 0.000000 1.000000 0.087155 0.996195 0.000000 -0.996195 0.087155 0.000000 2780.dat
1 0 89.999900 110.143700 -16.544600 0.000000 0.000000 1.000000 0.087155 0.996195 0.000000 -0.996195 0.087155 0.000000 2780.dat
0 STEP
1 16 -30.000000 240.000000 60.000000 1.000000 0.000000 0.000000 0.000000 0.996195 -0.087156 0.000000 0.087156 0.996195 submodel group 1
0 STEP
1 0 -120.000600 118.737300 114.703800 1.000000 0.000000 0.000000 0.000000 0.996195 -0.087155 0.000000 0.087155 0.996195 2780.dat
1 0 -120.000600 138.661200 116.446900 1.000000 0.000000 0.000000 0.000000 0.996195 -0.087155 0.000000 0.087155 0.996195 2780.dat
1 0 99.999900 118.737300 114.703900 1.000000 0.000000 0.000000 0.000000 0.996195 -0.087155 0.000000 0.087155 0.996195 2780.dat
1 0 99.999900 138.661100 116.446900 1.000000 0.000000 0.000000 0.000000 0.996195 -0.087155 0.000000 0.087155 0.996195 2780.dat
1 0 99.999900 39.041800 107.731400 1.000000 0.000000 0.000000 0.000000 0.996195 -0.087155 0.000000 0.087155 0.996195 2780.dat
1 0 -120.000600 39.041700 107.731400 1.000000 0.000000 0.000000 0.000000 0.996195 -0.087155 0.000000 0.087155 0.996195 2780.dat
0 STEP
1 0 -110.000500 179.380500 109.971200 0.000000 0.000000 1.000000 0.087156 0.996195 0.000000 -0.996195 0.087156 0.000000 2780.dat
1 0 89.999900 179.380500 109.971200 0.000000 0.000000 1.000000 0.087156 0.996195 0.000000 -0.996195 0.087156 0.000000 2780.dat
1 1 -110.000500 97.070400 132.884600 0.000000 0.000000 -1.000000 -0.087155 0.996195 0.000000 0.996195 0.087155 0.000000 6558.dat
1 1 89.999900 97.070400 132.884700 0.000000 0.000000 -1.000000 -0.087155 0.996195 0.000000 0.996195 0.087155 0.000000 6558.dat
0 STEP
1 71 -170.000900 136.918100 136.370900 0.000000 0.000000 -1.000000 -0.996195 -0.087155 0.000000 -0.087155 0.996195 0.000000 64179.dat
1 71 149.999900 136.918000 136.370900 0.000000 0.000000 -1.000000 -0.996195 -0.087155 0.000000 -0.087155 0.996195 0.000000 64179.dat
0 STEP
1 1 129.999900 176.765800 139.857100 0.000000 0.000000 -1.000000 -0.087155 0.996195 0.000000 0.996195 0.087155 0.000000 6558.dat
1 1 169.999900 176.765800 139.857100 0.000000 0.000000 -1.000000 -0.087155 0.996195 0.000000 0.996195 0.087155 0.000000 6558.dat
1 1 -190.000900 176.765900 139.857100 0.000000 0.000000 -1.000000 -0.087155 0.996195 0.000000 0.996195 0.087155 0.000000 6558.dat
1 1 -150.000900 176.765900 139.857100 0.000000 0.000000 -1.000000 -0.087155 0.996195 0.000000 0.996195 0.087155 0.000000 6558.dat
1 1 209.999900 178.508900 119.933200 0.000000 0.000000 1.000000 0.087155 0.996195 0.000000 -0.996195 0.087155 0.000000 6558.dat
1 1 -230.000900 178.509000 119.933200 0.000000 0.000000 1.000000 0.087155 0.996195 0.000000 -0.996195 0.087155 0.000000 6558.dat
0 STEP
1 1 89.999900 175.894300 149.819100 0.000000 0.000000 -1.000000 -0.087155 0.996195 0.000000 0.996195 0.087155 0.000000 43093.dat
1 1 -110.000900 175.894300 149.819000 0.000000 0.000000 -1.000000 -0.087155 0.996195 0.000000 0.996195 0.087155 0.000000 43093.dat
0 STEP
1 71 169.999900 178.508900 119.933200 0.000000 0.000000 1.000000 -0.996195 0.087155 0.000000 -0.087155 -0.996195 0.000000 32316.dat
1 71 -190.000900 178.509000 119.933200 0.000000 0.000000 1.000000 -0.996195 0.087155 0.000000 -0.087155 -0.996195 0.000000 32316.dat
1 0 -170.000900 179.380600 109.971300 0.000000 0.000000 1.000000 0.087155 0.996195 0.000000 -0.996195 0.087155 0.000000 2780.dat
1 0 149.999900 179.380500 109.971100 0.000000 0.000000 1.000000 0.087156 0.996195 0.000000 -0.996195 0.087156 0.000000 2780.dat
0 STEP
1 0 129.999900 96.198800 142.846500 0.000000 0.000000 1.000000 0.087155 0.996195 0.000000 -0.996195 0.087155 0.000000 2780.dat
1 0 169.999900 96.198800 142.846500 0.000000 0.000000 1.000000 0.087155 0.996195 0.000000 -0.996195 0.087155 0.000000 2780.dat
1 0 -150.000900 96.198800 142.846500 0.000000 0.000000 -1.000000 -0.087155 0.996195 0.000000 0.996195 0.087155 0.000000 2780.dat
1 0 -190.001000 96.198800 142.846500 0.000000 0.000000 -1.000000 -0.087155 0.996195 0.000000 0.996195 0.087155 0.000000 2780.dat
1 0 -110.000500 67.184500 130.270000 0.000000 0.000000 1.000000 0.087155 0.996195 0.000000 -0.996195 0.087155 0.000000 32138.dat
1 0 89.999900 67.184500 130.270000 0.000000 0.000000 1.000000 0.087155 0.996195 0.000000 -0.996195 0.087155 0.000000 32138.dat
0 STEP
1 0 -240.000900 116.994200 134.627700 1.000000 0.000000 0.000000 0.000000 0.996195 -0.087155 0.000000 0.087155 0.996195 2780.dat
1 0 -240.000900 136.918100 136.370800 1.000000 0.000000 0.000000 0.000000 0.996195 -0.087155 0.000000 0.087155 0.996195 2780.dat
1 1 -240.000900 156.842000 138.113900 -1.000000 0.000000 0.000000 0.000000 0.996195 0.087155 0.000000 0.087155 -0.996195 43093.dat
0 STEP
1 1 229.999900 116.994100 134.627800 1.000000 0.000000 0.000000 0.000000 0.996195 -0.087155 0.000000 0.087155 0.996195 6558.dat
1 1 229.999900 136.918000 136.370900 1.000000 0.000000 0.000000 0.000000 0.996195 -0.087155 0.000000 0.087155 0.996195 6558.dat
1 28 229.999900 156.842000 138.114000 -1.000000 0.000000 0.000000 0.000000 0.996195 0.087155 0.000000 0.087155 -0.996195 6587.dat
1 0 99.999900 125.709800 35.008200 1.000000 0.000000 0.000000 0.000000 1.000000 0.000000 0.000000 0.000000 1.000000 2780.dat
1 0 99.999900 46.014200 28.035800 1.000000 0.000000 0.000000 0.000000 1.000000 0.000000 0.000000 0.000000 1.000000 2780.dat
0 STEP
1 71 -170.000900 180.252100 100.009300 0.000000 0.000000 1.000000 -0.996195 0.087155 0.000000 -0.087155 -0.996195 0.000000 32524.dat
1 71 149.999900 180.252000 100.009200 0.000000 0.000000 1.000000 -0.996195 0.087156 0.000000 -0.087156 -0.996195 0.000000 32524.dat
1 71 109.999900 98.813400 112.960700 0.000000 1.000000 0.000000 -0.087155 0.000000 0.996195 0.996195 0.000000 0.087155 32524.dat
1 71 -130.000800 98.813400 112.960700 0.000000 1.000000 0.000000 -0.087155 0.000000 0.996195 0.996195 0.000000 0.087155 32524.dat
0 STEP
1 16 -10.000000 180.000000 170.000000 1.000000 0.000000 0.000000 0.000000 0.996195 -0.087155 0.000000 0.087155 0.996195 arch 1
0 STEP
1 16 -10.000000 192.000000 250.000000 1.000000 0.000000 0.000000 0.000000 0.996195 -0.087155 0.000000 0.087155 0.996195 elbow motors
0 STEP
1 15 229.999900 77.146500 131.141600 0.000000 1.000000 0.000000 0.996195 0.000000 0.087155 0.087155 0.000000 -0.996195 32009.dat
1 15 -250.000900 77.146400 131.141600 0.000000 1.000000 0.000000 0.996195 0.000000 0.087155 0.087155 0.000000 -0.996195 32009.dat
0 STEP
1 71 250.000000 156.842000 138.114000 0.000000 1.000000 0.000000 0.087155 0.000000 -0.996195 -0.996195 0.000000 -0.087155 32140.dat
1 71 270.000000 107.529000 13.341300 0.000000 1.000000 0.000000 -0.996195 0.000000 -0.087155 -0.087155 0.000000 0.996195 41239.dat
1 0 260.000000 117.987600 -106.202000 1.000000 0.000000 0.000000 0.000000 0.996195 -0.087155 0.000000 0.087155 0.996195 2780.dat
1 0 260.000000 116.244500 -86.278100 1.000000 0.000000 0.000000 0.000000 0.996195 -0.087155 0.000000 0.087155 0.996195 2780.dat
1 0 260.000000 105.785900 33.265200 1.000000 0.000000 0.000000 0.000000 0.996195 -0.087155 0.000000 0.087155 0.996195 2780.dat
1 0 260.000000 97.070300 132.884700 1.000000 0.000000 0.000000 0.000000 0.996195 -0.087155 0.000000 0.087155 0.996195 2780.dat
1 0 260.000000 98.813500 112.960800 1.000000 0.000000 0.000000 0.000000 0.996195 -0.087155 0.000000 0.087155 0.996195 2780.dat
0 STEP
1 72 179.999900 57.972300 350.304500 -1.000000 0.000000 0.000000 0.000000 0.996195 0.087157 0.000000 0.087157 -0.996195 55013.dat
1 72 188.620500 57.971400 350.305000 0.000000 0.000000 1.000000 0.087156 0.996195 0.000000 -0.996189 0.087154 0.000000 3648b.dat
1 72 -200.000900 57.972400 350.304400 1.000000 0.000000 0.000000 0.000000 -0.996195 0.087156 0.000000 -0.087156 -0.996195 55013.dat
1 72 -208.620900 57.972500 350.301400 0.000000 0.000000 -1.000000 0.087155 -0.996193 0.000000 -0.996179 -0.087154 0.000000 3648b.dat
1 71 230.470500 57.971400 350.305000 0.000000 0.000000 1.000000 0.087155 0.996195 0.000000 -0.996195 0.087155 0.000000 3713.dat
1 71 249.720500 57.971400 350.305000 0.000000 0.000000 1.000000 0.087155 0.996195 0.000000 -0.996195 0.087155 0.000000 3713.dat
1 71 -248.621000 57.972500 350.301500 0.000000 0.000000 1.000000 0.087155 0.996195 0.000000 -0.996195 0.087155 0.000000 3713.dat
1 71 -268.620900 57.972500 350.301500 0.000000 0.000000 1.000000 0.087155 0.996195 0.000000 -0.996195 0.087155 0.000000 3713.dat
0 STEP
1 16 -10.000000 108.000000 510.000000 1.000000 0.000000 0.000000 0.000000 1.000000 0.000000 0.000000 0.000000 1.000000 forearm axles
0 STEP
1 72 179.999900 50.999900 429.999900 -1.000000 0.000000 0.000000 0.000000 -0.010519 0.999945 0.000000 0.999945 0.010519 55013.dat
1 72 -200.000900 51.000000 429.999900 1.000000 0.000000 0.000000 0.000000 0.015036 -0.999887 0.000000 0.999887 0.015036 55013.dat
1 71 228.759900 50.999900 429.999900 0.000001 0.000000 1.000000 0.010519 0.999945 0.000000 -0.999945 0.010519 0.000001 3713.dat
1 71 250.000000 50.999900 429.999900 0.000001 0.000000 1.000000 0.010519 0.999945 0.000000 -0.999945 0.010519 0.000001 3713.dat
1 71 -248.470900 51.000000 429.999900 -0.000001 0.000000 1.000000 -0.015036 0.999887 0.000000 -0.999887 -0.015036 -0.000001 3713.dat
1 71 -268.540900 51.000000 429.999900 -0.000001 0.000000 1.000000 -0.015035 0.999887 0.000000 -0.999887 -0.015035 -0.000001 3713.dat
1 71 149.999900 50.999900 429.999800 0.000000 0.000000 -1.000000 -0.010519 0.999945 0.000000 0.999945 0.010519 0.000000 3713.dat
1 71 -168.820900 51.000000 429.999900 0.000001 0.000000 -1.000000 0.015036 0.999887 0.000000 0.999887 -0.015036 0.000001 3713.dat
0 STEP
1 71 109.999900 90.999900 509.999900 0.000000 1.000000 0.000000 1.000000 0.000000 0.000000 0.000000 0.000000 -1.000000 64179.dat
1 71 -130.000900 91.000000 509.999900 0.000000 1.000000 0.000000 1.000000 0.000000 0.000000 0.000000 0.000000 -1.000000 64179.dat
0 STEP
1 1 109.999900 110.999900 579.999900 0.000000 0.000000 -1.000000 0.000000 1.000000 0.000000 1.000000 0.000000 0.000000 43093.dat
1 0 109.999900 70.999900 579.999900 0.000000 0.000000 1.000000 0.000000 1.000000 0.000000 -1.000000 0.000000 0.000000 2780.dat
1 1 -130.000900 111.000000 579.999900 0.000000 0.000000 -1.000000 0.000000 1.000000 0.000000 1.000000 0.000000 0.000000 43093.dat
1 0 -130.000900 71.000000 579.999900 0.000000 0.000000 1.000000 0.000000 1.000000 0.000000 -1.000000 0.000000 0.000000 2780.dat
1 0 109.999900 60.999900 509.999900 0.000000 1.000000 0.000000 -1.000000 0.000000 0.000000 0.000000 0.000000 1.000000 2780.dat
1 0 109.999900 60.999900 469.999900 0.000000 1.000000 0.000000 -1.000000 0.000000 0.000000 0.000000 0.000000 1.000000 2780.dat
1 0 109.999900 60.999900 549.999900 0.000000 1.000000 0.000000 -1.000000 0.000000 0.000000 0.000000 0.000000 1.000000 2780.dat
1 1 -130.000900 121.000000 549.999900 0.000000 1.000000 0.000000 -1.000000 0.000000 0.000000 0.000000 0.000000 1.000000 43093.dat
1 0 -130.000900 121.000000 509.999900 0.000000 1.000000 0.000000 -1.000000 0.000000 0.000000 0.000000 0.000000 1.000000 2780.dat
1 0 -130.000900 61.000000 549.999900 0.000000 1.000000 0.000000 -1.000000 0.000000 0.000000 0.000000 0.000000 1.000000 2780.dat
1 0 -130.000900 61.000000 509.999900 0.000000 1.000000 0.000000 -1.000000 0.000000 0.000000 0.000000 0.000000 1.000000 2780.dat
1 0 -130.000900 61.000000 469.999900 0.000000 1.000000 0.000000 -1.000000 0.000000 0.000000 0.000000 0.000000 1.000000 2780.dat
0 STEP
1 71 -130.000900 111.000000 549.999900 -1.000000 0.000000 0.000000 0.000000 1.000000 0.000000 0.000000 0.000000 -1.000000 32140.dat
0 STEP
1 71 128.629900 70.999900 469.999900 0.000000 0.000000 1.000000 0.000000 1.000000 0.000000 -1.000000 0.000000 0.000000 32523.dat
1 71 128.629900 70.999900 509.999900 0.000000 0.000000 1.000000 0.000000 1.000000 0.000000 -1.000000 0.000000 0.000000 32523.dat
1 71 128.629900 70.999900 549.999900 0.000000 0.000000 1.000000 0.000000 1.000000 0.000000 -1.000000 0.000000 0.000000 32523.dat
1 71 -150.000900 71.000000 549.999900 0.000000 0.000000 1.000000 0.000000 1.000000 0.000000 -1.000000 0.000000 0.000000 32523.dat
1 71 -150.000900 71.000000 510.000000 0.000000 0.000000 1.000000 0.000000 1.000000 0.000000 -1.000000 0.000000 0.000000 32523.dat
1 71 -150.000900 71.000000 469.999900 0.000000 0.000000 1.000000 0.000000 1.000000 0.000000 -1.000000 0.000000 0.000000 32523.dat
0 STEP
1 15 -130.000900 -49.000000 590.000000 1.000000 0.000000 0.000000 0.000000 0.000000 -1.000000 0.000000 1.000000 0.000000 32009.dat
1 15 109.999900 -49.000100 589.999900 -1.000000 0.000000 0.000000 0.000000 0.000000 -1.000000 0.000000 -1.000000 0.000000 32009.dat
1 1 -50.000900 -49.000000 580.000100 0.000000 0.000000 -1.000000 0.000000 1.000000 0.000000 1.000000 0.000000 0.000000 43093.dat
1 0 -90.000900 -49.000000 580.000100 0.000000 0.000000 1.000000 0.000000 1.000000 0.000000 -1.000000 0.000000 0.000000 2780.dat
1 0 69.999900 -49.000100 579.999900 0.000000 0.000000 1.000000 0.000000 1.000000 0.000000 -1.000000 0.000000 0.000000 2780.dat
1 71 -10.000900 -49.000000 570.000100 0.000000 0.000000 1.000000 -1.000000 0.000000 0.000000 0.000000 -1.000000 0.000000 40490.dat
1 1 29.999100 -49.000000 580.000100 0.000000 -1.000000 0.000000 0.000000 0.000000 -1.000000 1.000000 0.000000 0.000000 43093.dat
0 STEP
1 0 178.629900 50.999900 609.999900 1.000000 0.000000 0.000000 0.000000 1.000000 0.000000 0.000000 0.000000 1.000000 2780.dat
1 0 178.629900 50.999900 649.999900 1.000000 0.000000 0.000000 0.000000 1.000000 0.000000 0.000000 0.000000 1.000000 2780.dat
1 0 178.629900 50.999900 689.999900 1.000000 0.000000 0.000000 0.000000 1.000000 0.000000 0.000000 0.000000 1.000000 2780.dat
1 0 119.999900 50.999900 609.999900 1.000000 0.000000 0.000000 0.000000 1.000000 0.000000 0.000000 0.000000 1.000000 2780.dat
1 0 118.629900 50.999900 649.999900 1.000000 0.000000 0.000000 0.000000 1.000000 0.000000 0.000000 0.000000 1.000000 2780.dat
1 0 119.999900 50.999900 689.999900 1.000000 0.000000 0.000000 0.000000 1.000000 0.000000 0.000000 0.000000 1.000000 2780.dat
1 0 -140.000900 51.000000 609.999900 1.000000 0.000000 0.000000 0.000000 1.000000 0.000000 0.000000 0.000000 1.000000 2780.dat
1 0 -140.000900 51.000000 649.999900 1.000000 0.000000 0.000000 0.000000 1.000000 0.000000 0.000000 0.000000 1.000000 2780.dat
1 0 -140.000900 51.000000 689.999900 1.000000 0.000000 0.000000 0.000000 1.000000 0.000000 0.000000 0.000000 1.000000 2780.dat
1 0 -199.351200 51.300700 609.996100 1.000000 0.000000 0.000000 0.000000 1.000000 0.000000 0.000000 0.000000 1.000000 2780.dat
1 0 -199.351200 51.300700 649.996100 1.000000 0.000000 0.000000 0.000000 1.000000 0.000000 0.000000 0.000000 1.000000 2780.dat
1 0 -199.351200 51.300700 689.996000 1.000000 0.000000 0.000000 0.000000 1.000000 0.000000 0.000000 0.000000 1.000000 2780.dat
0 STEP
1 71 188.629900 50.999900 629.999900 -1.000000 0.000000 0.000000 0.000000 0.000000 -1.000000 0.000000 -1.000000 0.000000 48989.dat
1 71 108.630000 50.999800 630.000400 -1.000000 0.000000 0.000000 0.000000 0.000000 -1.000000 0.000000 -1.000000 0.000000 48989.dat
1 71 -131.370500 51.000000 630.000200 -1.000000 0.000000 0.000000 0.000000 0.000000 -1.000000 0.000000 -1.000000 0.000000 48989.dat
1 71 -211.370500 50.999800 631.230200 -1.000000 0.000000 0.000000 0.000000 0.000000 -1.000000 0.000000 -1.000000 0.000000 48989.dat
1 71 -211.370500 50.999800 691.230200 0.000000 1.000000 0.000000 -1.000000 0.000000 0.000000 0.000000 0.000000 1.000000 87082.dat
1 71 108.629900 50.999800 690.000500 0.000000 1.000000 0.000000 -1.000000 0.000000 0.000000 0.000000 0.000000 1.000000 87082.dat
1 71 188.629900 50.999800 690.000500 0.000000 1.000000 0.000000 -1.000000 0.000000 0.000000 0.000000 0.000000 1.000000 87082.dat
1 71 -131.370500 51.000000 690.000200 0.000000 1.000000 0.000000 -1.000000 0.000000 0.000000 0.000000 0.000000 1.000000 87082.dat
0 STEP
0 NOFILE
0 FILE SubModel Group 1
0 SubModel Group 1
0 Name:  SubModel Group 1
0 Author:  
0 CustomBrick
0 NumOfBricks:  13
1 71 -80.000500 -56.033500 5.064300 0.000000 -1.000000 0.000000 -1.000000 0.000000 0.000000 0.000001 0.000000 -1.000000 64179.dat
1 71 119.999900 -56.033500 5.064300 0.000000 -1.000000 0.000000 -1.000000 0.000000 0.000000 0.000001 0.000000 -1.000000 64179.dat
1 0 -80.000500 -106.033500 -34.935600 0.000000 0.000000 -1.000000 -1.000000 0.000001 0.000000 0.000001 1.000000 0.000000 2780.dat
1 0 -80.000500 -106.033500 5.064400 0.000000 0.000000 -1.000000 -1.000000 0.000001 0.000000 0.000001 1.000000 0.000000 2780.dat
1 0 -80.000500 -106.033500 45.064400 0.000000 0.000000 -1.000000 -1.000000 0.000001 0.000000 0.000001 1.000000 0.000000 2780.dat
1 0 119.999900 -106.033500 -34.935500 0.000000 0.000000 -1.000000 -1.000000 0.000001 0.000000 0.000001 1.000000 0.000000 2780.dat
1 0 119.999900 -106.033500 45.064400 0.000000 0.000000 -1.000000 -1.000000 0.000001 0.000000 0.000001 1.000000 0.000000 2780.dat
1 0 119.999900 -106.033500 5.064400 0.000000 0.000000 -1.000000 -1.000000 0.000001 0.000000 0.000001 1.000000 0.000000 2780.dat
1 1 -80.000500 -26.033600 45.064300 0.000000 1.000000 0.000000 -0.999988 0.000000 0.000001 0.000002 0.000000 1.000000 43093.dat
1 0 -80.000500 -26.033600 5.064400 0.000000 1.000000 0.000000 -0.999988 0.000000 0.000001 0.000002 0.000000 1.000000 2780.dat
0 STEP
1 71 -80.000500 -156.033500 5.064400 0.000000 -1.000000 0.000000 -1.000000 0.000000 0.000000 0.000001 0.000000 -1.000000 64179.dat
1 71 119.999900 -156.033500 5.064400 0.000000 -1.000000 0.000000 -1.000000 0.000000 0.000000 0.000001 0.000000 -1.000000 64179.dat
1 71 -80.000500 -36.033500 45.064900 -1.000000 0.000000 0.000000 0.000000 1.000000 -0.000001 0.000000 -0.000001 -1.000000 32140.dat
0 STEP
0 NOFILE
0 FILE Arch 1
0 Arch 1
0 Name:  Arch 1
0 Author:  
0 CustomBrick
0 NumOfBricks:  13
1 71 99.999900 -45.848900 10.253600 1.000000 0.000000 0.000000 0.000000 1.000000 0.000000 0.000000 0.000000 1.000000 48989.dat
1 15 99.999900 -165.848900 -9.746300 -1.000000 0.000000 0.000000 0.000000 0.000000 -1.000000 0.000000 -1.000000 0.000000 32009.dat
1 15 -100.000500 -165.848900 -9.746400 1.000000 0.000000 0.000000 0.000000 -0.000001 -1.000000 0.000000 1.000000 -0.000001 32009.dat
1 1 19.999900 -165.848900 0.253600 0.000000 0.000000 1.000000 0.000000 1.000000 0.000000 -1.000000 0.000000 0.000000 43093.dat
1 1 -20.000100 -165.848900 0.253500 0.000000 0.000000 1.000000 0.000000 1.000000 0.000000 -1.000000 0.000000 0.000000 43093.dat
1 1 39.999900 -165.848800 10.253600 0.000000 0.000000 -1.000000 0.000000 1.000000 0.000000 1.000000 0.000000 0.000000 6558.dat
1 1 -40.000100 -165.848800 10.253600 0.000000 0.000000 -1.000000 0.000000 1.000000 0.000000 1.000000 0.000000 0.000000 6558.dat
1 71 -100.000600 -45.849000 10.253600 1.000000 0.000000 0.000000 0.000000 1.000000 0.000000 0.000000 0.000000 1.000000 48989.dat
0 STEP
1 0 59.999900 -165.848900 20.253600 0.000000 0.000000 1.000000 0.000000 1.000000 0.000000 -1.000000 0.000000 0.000000 2780.dat
1 0 -60.000200 -165.848900 20.253600 0.000000 0.000000 1.000000 0.000000 1.000000 0.000000 -1.000000 0.000000 0.000000 2780.dat
1 71 -0.000100 -165.848800 10.253600 0.000000 0.000000 -1.000000 -1.000000 0.000000 0.000000 0.000000 1.000000 0.000000 32524.dat
0 STEP
1 15 -100.000600 -165.848800 30.253600 1.000000 0.000000 0.000000 0.000000 -0.000001 -1.000000 0.000000 1.000000 -0.000001 32009.dat
1 15 99.999900 -165.848800 30.253700 -1.000000 0.000000 0.000000 0.000000 0.000000 -1.000000 0.000000 -1.000000 0.000000 32009.dat
0 STEP
0 NOFILE
0 FILE Elbow motors
0 Elbow motors
0 Name:  Elbow motors
0 Author:  
0 CustomBrick
0 NumOfBricks:  18
1 71 159.999900 -124.775700 111.603900 -1.000000 0.000000 0.000000 0.000000 -1.000000 0.000000 0.000000 0.000000 1.000000 95658.dat
1 71 -160.000900 -124.775600 111.603800 -1.000000 0.000000 0.000000 0.000000 -1.000000 0.000000 0.000000 0.000000 1.000000 95658.dat
1 0 129.999900 -124.775700 -68.396000 1.000000 0.000000 0.000000 0.000000 1.000000 0.000000 0.000000 0.000000 1.000000 2780.dat
1 0 129.999900 -124.775600 -28.396000 1.000000 0.000000 0.000000 0.000000 1.000000 0.000000 0.000000 0.000000 1.000000 2780.dat
1 0 -130.000900 -124.775500 -68.396100 1.000000 0.000000 0.000000 0.000000 1.000000 0.000000 0.000000 0.000000 1.000000 2780.dat
1 0 -130.000900 -124.775500 -28.396100 1.000000 0.000000 0.000000 0.000000 1.000000 0.000000 0.000000 0.000000 1.000000 2780.dat
1 15 119.999900 -124.775700 51.603900 0.000000 -1.000000 0.000000 -1.000000 0.000000 0.000000 0.000000 0.000000 -1.000000 32278.dat
1 15 -120.000900 -124.775500 51.603900 0.000000 -1.000000 0.000000 -1.000000 0.000000 0.000000 0.000000 0.000000 -1.000000 32278.dat
0 STEP
1 71 200.000000 -124.775700 -48.396000 0.000000 0.000000 1.000000 1.000000 0.000000 0.000000 0.000000 1.000000 0.000000 48989.dat
1 71 -200.000900 -124.775500 -48.396100 0.000000 0.000000 1.000000 1.000000 0.000000 0.000000 0.000000 1.000000 0.000000 48989.dat
1 15 219.999900 -124.775700 51.604000 0.000000 -1.000000 0.000000 -1.000000 0.000000 0.000000 0.000000 0.000000 -1.000000 32278.dat
1 15 -220.000900 -124.775500 51.603900 0.000000 -1.000000 0.000000 -1.000000 0.000000 0.000000 0.000000 0.000000 -1.000000 32278.dat
1 0 229.999900 -124.775700 -48.396000 1.000000 0.000000 0.000000 0.000000 1.000000 0.000000 0.000000 0.000000 1.000000 2780.dat
1 0 229.999900 -124.775700 11.603900 1.000000 0.000000 0.000000 0.000000 1.000000 0.000000 0.000000 0.000000 1.000000 2780.dat
1 0 -230.000900 -124.775500 -48.396100 1.000000 0.000000 0.000000 0.000000 1.000000 0.000000 0.000000 0.000000 1.000000 2780.dat
1 0 -230.000900 -124.775500 11.603900 1.000000 0.000000 0.000000 0.000000 1.000000 0.000000 0.000000 0.000000 1.000000 2780.dat
1 1 -230.000900 -124.775500 51.603900 -1.000000 0.000000 0.000000 0.000000 1.000000 0.000000 0.000000 0.000000 -1.000000 43093.dat
1 1 229.999900 -124.775700 51.604000 1.000000 0.000000 0.000000 0.000000 1.000000 0.000000 0.000000 0.000000 1.000000 43093.dat
0 STEP
0 NOFILE
0 FILE Forearm axles
0 Forearm axles
0 Name:  Forearm axles
0 Author:  
0 CustomBrick
0 NumOfBricks:  30
1 15 178.629900 -57.000100 39.999900 0.000000 -1.000000 0.000000 1.000000 0.000000 0.000000 0.000000 0.000000 1.000000 32278.dat
1 1 189.530900 -57.211400 -60.000500 1.000000 0.000000 0.000000 0.000000 0.999945 -0.010519 0.000000 0.010519 0.999945 43093.dat
1 1 189.450800 -56.790600 -99.998100 1.000000 0.000000 0.000000 0.000000 0.999945 -0.010519 0.000000 0.010519 0.999945 43093.dat
1 15 -179.351200 -56.699300 39.996100 0.000000 1.000000 0.000000 -1.000000 0.000000 0.000000 0.000000 0.000000 1.000000 32278.dat
1 1 -189.351200 -56.699300 -60.003900 -1.000000 0.000000 0.000000 0.000000 0.999887 -0.015036 0.000000 -0.015036 -0.999887 43093.dat
1 1 -189.031200 -57.300700 -99.998790 -1.000000 0.000000 0.000000 0.000000 0.999887 -0.015036 0.000000 -0.015036 -0.999887 43093.dat
0 STEP
1 71 197.930900 -57.000800 -79.999200 0.000000 0.000000 -1.000000 -0.999945 -0.010519 0.000000 -0.010518 0.999938 0.000000 3649.dat
1 71 -197.931200 -57.000000 -80.001300 0.000000 0.000000 1.000000 0.999888 0.015036 0.000000 -0.015034 0.999871 0.000000 3649.dat
0 STEP
1 71 158.629900 -57.000100 59.999900 0.000000 0.000000 -1.000000 1.000000 0.000000 0.000000 0.000000 -1.000000 0.000000 48989.dat
1 71 158.629900 -57.000100 139.999900 0.000000 0.000000 1.000000 -1.000000 0.000000 0.000000 0.000000 -1.000000 0.000000 48989.dat
1 71 158.629900 -57.000100 -20.000100 0.000000 0.000000 -1.000000 1.000000 0.000000 0.000000 0.000000 -1.000000 0.000000 48989.dat
1 71 -160.000900 -57.000000 -20.000100 0.000000 0.000000 -1.000000 1.000000 0.000000 0.000000 0.000000 -1.000000 0.000000 48989.dat
1 71 -160.000900 -57.000000 59.999900 0.000000 0.000000 -1.000000 1.000000 0.000000 0.000000 0.000000 -1.000000 0.000000 48989.dat
1 71 -160.000900 -57.000000 139.999900 0.000000 0.000000 -1.000000 1.000000 0.000000 0.000000 0.000000 -1.000000 0.000000 48989.dat
0 STEP
1 0 158.629900 -47.000100 39.999900 0.000000 1.000000 0.000000 -1.000000 0.000000 0.000000 0.000000 0.000000 1.000000 2780.dat
1 0 158.629900 -47.000100 -40.000100 0.000000 1.000000 0.000000 -1.000000 0.000000 0.000000 0.000000 0.000000 1.000000 2780.dat
1 0 158.629900 -47.000100 -0.000100 0.000000 1.000000 0.000000 -1.000000 0.000000 0.000000 0.000000 0.000000 1.000000 2780.dat
1 0 -160.000900 -47.000000 -0.000100 0.000000 1.000000 0.000000 -1.000000 0.000000 0.000000 0.000000 0.000000 1.000000 2780.dat
1 0 -160.000900 -47.000000 -40.000100 0.000000 1.000000 0.000000 -1.000000 0.000000 0.000000 0.000000 0.000000 1.000000 2780.dat
1 0 -160.000900 -47.000000 39.999900 0.000000 1.000000 0.000000 -1.000000 0.000000 0.000000 0.000000 0.000000 1.000000 2780.dat
0 STEP
1 15 139.999900 -57.000100 39.999900 0.000000 -1.000000 0.000000 1.000000 0.000000 0.000000 0.000000 0.000000 1.000000 32278.dat
1 15 -140.000900 -57.000000 39.999900 0.000000 -1.000000 0.000000 1.000000 0.000000 0.000000 0.000000 0.000000 1.000000 32278.dat
0 STEP
1 0 129.999900 -57.000100 19.999900 1.000000 0.000000 0.000000 0.000000 1.000000 0.000000 0.000000 0.000000 1.000000 2780.dat
1 0 129.999900 -57.000100 59.999900 1.000000 0.000000 0.000000 0.000000 1.000000 0.000000 0.000000 0.000000 1.000000 2780.dat
1 0 128.629900 -57.000100 -20.000100 1.000000 0.000000 0.000000 0.000000 1.000000 0.000000 0.000000 0.000000 1.000000 2780.dat
1 0 129.999900 -57.000100 -60.000100 1.000000 0.000000 0.000000 0.000000 1.000000 0.000000 0.000000 0.000000 1.000000 2780.dat
1 0 -130.000900 -57.000000 -20.000100 1.000000 0.000000 0.000000 0.000000 1.000000 0.000000 0.000000 0.000000 1.000000 2780.dat
1 0 -130.000900 -57.000000 19.999900 1.000000 0.000000 0.000000 0.000000 1.000000 0.000000 0.000000 0.000000 1.000000 2780.dat
1 0 -130.000900 -57.000000 59.999900 1.000000 0.000000 0.000000 0.000000 1.000000 0.000000 0.000000 0.000000 1.000000 2780.dat
1 0 -130.000900 -57.000000 -60.000100 1.000000 0.000000 0.000000 0.000000 1.000000 0.000000 0.000000 0.000000 1.000000 2780.dat
0 STEP
0 NOFILE
0 FILE Wrist Joint V3
0 Wrist Joint V3
0 Name:  Wrist Joint V3
0 Author:  
0 CustomBrick
0 NumOfBricks:  406
1 0 70.000100 -316.872300 80.000100 1.000002 0.000000 0.000000 0.000000 1.000000 0.000000 0.000000 0.000000 1.000002 2780.dat
1 0 70.000100 -276.872000 80.000100 1.000002 0.000000 0.000000 0.000000 1.000000 0.000000 0.000000 0.000000 1.000002 2780.dat
1 0 70.000100 -316.872300 400.000400 1.000002 0.000000 0.000000 0.000000 1.000000 0.000000 0.000000 0.000000 1.000002 2780.dat
1 0 70.000100 -276.872100 400.000400 1.000002 0.000000 0.000000 0.000000 1.000000 0.000000 0.000000 0.000000 1.000002 2780.dat
1 15 60.000000 -176.872100 400.000300 0.000000 1.000002 0.000000 0.000000 0.000000 1.000000 1.000002 0.000000 0.000000 32278.dat
1 15 60.000100 -176.872300 80.000100 0.000000 1.000002 0.000000 0.000000 0.000000 1.000000 1.000002 0.000000 0.000000 32278.dat
1 1 70.000100 -236.872300 80.000100 1.000002 0.000000 0.000000 0.000000 1.000000 0.000000 0.000000 0.000000 1.000002 43093.dat
1 1 70.000100 -236.872100 400.000300 1.000002 0.000000 0.000000 0.000000 1.000000 0.000000 0.000000 0.000000 1.000002 43093.dat
1 1 80.000100 -196.872100 400.000300 1.000002 0.000000 0.000000 0.000000 1.000000 0.000000 0.000000 0.000000 1.000002 6558.dat
1 1 80.000100 -196.872300 80.000100 1.000002 0.000000 0.000000 0.000000 1.000000 0.000000 0.000000 0.000000 1.000002 6558.dat
1 1 80.000100 -116.872300 80.000100 1.000002 0.000000 0.000000 0.000000 1.000000 0.000000 0.000000 0.000000 1.000002 6558.dat
1 1 80.000100 -116.872100 400.000300 1.000002 0.000000 0.000000 0.000000 1.000000 0.000000 0.000000 0.000000 1.000002 6558.dat
1 0 80.000100 -66.872300 80.000100 1.000002 0.000000 0.000000 0.000000 1.000000 0.000000 0.000000 0.000000 1.000002 32138.dat
1 0 80.000100 -66.872100 400.000300 1.000002 0.000000 0.000000 0.000000 1.000000 0.000000 0.000000 0.000000 1.000002 32138.dat
0 STEP
1 1 60.000100 -156.872300 80.000100 1.000002 0.000000 0.000000 0.000000 1.000000 0.000000 0.000000 0.000000 1.000002 6558.dat
1 1 60.000000 -156.872100 400.000300 1.000002 0.000000 0.000000 0.000000 1.000000 0.000000 0.000000 0.000000 1.000002 6558.dat
1 0 50.000000 -36.872100 400.000300 1.000002 0.000000 0.000000 0.000000 1.000000 0.000000 0.000000 0.000000 1.000002 2780.dat
1 0 50.000100 -36.872300 80.000100 1.000002 0.000000 0.000000 0.000000 1.000000 0.000000 0.000000 0.000000 1.000002 2780.dat
1 0 50.000100 -256.872300 80.000100 1.000002 0.000000 0.000000 0.000000 1.000000 0.000000 0.000000 0.000000 1.000002 2780.dat
1 0 50.000000 -256.872100 400.000300 1.000002 0.000000 0.000000 0.000000 1.000000 0.000000 0.000000 0.000000 1.000002 2780.dat
1 1 40.000000 -136.872300 80.000100 -1.000000 0.000000 0.000000 0.000000 1.000000 0.000000 0.000000 0.000000 -1.000000 6558.dat
0 STEP
1 72 40.000000 -236.872100 400.000300 0.000000 0.000000 1.000002 0.000000 -1.000000 0.000000 1.000002 0.000000 0.000000 42003.dat
1 72 40.000000 -236.872300 80.000100 0.000000 0.000000 1.000002 0.000000 -1.000000 0.000000 1.000002 0.000000 0.000000 42003.dat
1 71 40.000000 -176.872100 400.000300 0.000000 0.000000 1.000002 0.000000 1.000000 0.000000 -1.000002 0.000000 0.000000 6536.dat
1 72 40.000000 -156.872300 80.000100 0.000000 0.000000 1.000002 0.000000 1.000000 0.000000 -1.000002 0.000000 0.000000 42003.dat
0 STEP
1 15 80.000100 -76.872100 400.000300 0.000000 -1.000002 0.000000 0.000000 0.000000 1.000000 -1.000002 0.000000 0.000000 32009.dat
1 15 80.000100 -76.872300 80.000100 0.000000 1.000002 0.000000 0.000000 0.000000 1.000000 1.000002 0.000000 0.000000 32009.dat
1 1 90.000100 -76.872100 320.000200 -1.000002 0.000000 0.000000 0.000000 1.000000 0.000000 0.000000 0.000000 -1.000002 43093.dat
1 1 90.000100 -76.872300 160.000200 -1.000002 0.000000 0.000000 0.000000 1.000000 0.000000 0.000000 0.000000 -1.000002 43093.dat
1 0 90.000100 -76.872300 120.000200 1.000002 0.000000 0.000000 0.000000 1.000000 0.000000 0.000000 0.000000 1.000002 2780.dat
1 0 90.000100 -76.872100 360.000200 1.000002 0.000000 0.000000 0.000000 1.000000 0.000000 0.000000 0.000000 1.000002 2780.dat
0 STEP
1 16 60.000000 -168.000000 250.000000 1.000000 0.000000 0.000000 0.000000 1.000000 0.000000 0.000000 0.000000 1.000000 submodel group 2
0 STEP
1 71 40.000000 -216.872100 400.000300 0.000001 0.000000 1.000002 0.000000 1.000000 0.000000 -1.000002 0.000000 0.000001 4519.dat
1 71 40.000000 -216.872300 80.000100 0.000000 0.000000 1.000002 0.000000 1.000000 0.000000 -1.000002 0.000000 0.000000 4519.dat
1 71 40.000000 -176.872300 80.000100 0.000000 0.000000 1.000002 0.000000 1.000000 0.000000 -1.000002 0.000000 0.000000 4519.dat
0 STEP
1 4 40.000000 -176.872100 390.000200 0.000000 0.000000 1.000000 0.000000 1.000000 0.000000 -1.000000 0.000000 0.000000 32062.dat
0 STEP
1 71 100.000100 -116.872300 80.000100 0.000000 1.000002 0.000000 0.000000 0.000000 1.000000 1.000002 0.000000 0.000000 32526.dat
1 71 100.000100 -116.872100 400.000300 0.000000 -1.000002 0.000000 0.000000 0.000000 1.000000 -1.000002 0.000000 0.000000 32526.dat
1 71 80.000000 -316.872300 320.000200 0.000000 -1.000007 0.000000 1.000005 0.000000 0.000000 0.000000 0.000000 1.000002 32526.dat
1 71 80.000000 -316.872300 160.000300 0.000000 1.000007 0.000000 1.000005 0.000000 0.000000 0.000000 0.000000 -1.000002 32526.dat
1 0 90.000100 -36.872100 380.000200 1.000002 0.000000 0.000000 0.000000 1.000000 0.000000 0.000000 0.000000 1.000002 2780.dat
1 0 90.000100 -36.872100 360.000200 1.000002 0.000000 0.000000 0.000000 1.000000 0.000000 0.000000 0.000000 1.000002 2780.dat
1 0 90.000100 -36.872300 120.000100 1.000002 0.000000 0.000000 0.000000 1.000000 0.000000 0.000000 0.000000 1.000002 2780.dat
1 0 90.000100 -36.872300 100.000100 1.000002 0.000000 0.000000 0.000000 1.000000 0.000000 0.000000 0.000000 1.000002 2780.dat
1 0 90.000100 -316.872300 340.000200 1.000007 0.000000 0.000000 0.000000 1.000005 0.000000 0.000000 0.000000 1.000002 2780.dat
1 0 90.000100 -316.872300 140.000200 1.000007 0.000000 0.000000 0.000000 1.000005 0.000000 0.000000 0.000000 1.000002 2780.dat
1 0 90.000100 -316.872300 380.000100 1.000007 0.000000 0.000000 0.000000 1.000005 0.000000 0.000000 0.000000 1.000002 2780.dat
1 0 90.000100 -316.872300 100.000000 1.000007 0.000000 0.000000 0.000000 1.000005 0.000000 0.000000 0.000000 1.000002 2780.dat
0 STEP
1 15 100.000100 -76.872300 240.000400 0.000000 1.000002 0.000000 -1.000000 0.000000 0.000000 0.000000 0.000000 1.000002 32278.dat
1 15 100.000600 -316.873200 240.000400 0.000000 -1.000002 0.000000 1.000000 0.000000 0.000000 0.000000 0.000000 1.000002 32278.dat
1 15 80.000100 -36.872300 240.000400 0.000000 -1.000002 0.000000 1.000000 0.000000 0.000000 0.000000 0.000000 1.000002 32278.dat
0 STEP
1 0 90.000100 -316.872300 300.000300 1.000007 0.000000 0.000000 0.000000 1.000005 0.000000 0.000000 0.000000 1.000002 2780.dat
1 0 90.000100 -316.872300 180.000300 1.000007 0.000000 0.000000 0.000000 1.000005 0.000000 0.000000 0.000000 1.000002 2780.dat
1 71 80.000000 -316.872300 240.000400 0.000000 -1.000007 0.000000 1.000005 0.000000 0.000000 0.000000 0.000000 1.000002 32524.dat
1 0 90.000000 -76.872300 300.000500 1.000002 0.000000 0.000000 0.000000 1.000000 0.000000 0.000000 0.000000 1.000002 2780.dat
1 0 90.000100 -76.872300 180.000200 1.000002 0.000000 0.000000 0.000000 1.000000 0.000000 0.000000 0.000000 1.000002 2780.dat
1 71 80.000100 -76.872300 240.000400 0.000000 1.000002 0.000000 -1.000000 0.000000 0.000000 0.000000 0.000000 1.000002 32524.dat
0 STEP
1 71 120.000100 -316.872300 240.000400 0.000000 0.000000 -1.000000 1.000000 0.000000 0.000000 0.000000 -1.000000 0.000000 48989.dat
0 STEP
1 19 91.160010 -76.872300 340.000500 -1.000002 0.000000 0.000000 0.000000 1.000000 0.000000 0.000000 0.000000 -1.000002 99008.dat
1 19 90.300010 -76.872300 140.000200 -1.000000 0.000000 0.000000 0.000000 1.000000 0.000000 0.000000 0.000000 -1.000000 99008.dat
1 72 61.160000 -76.872300 340.000500 0.000000 0.000000 1.000002 0.000000 1.000000 0.000000 -1.000002 0.000000 0.000000 10928.dat
1 72 60.300000 -76.872300 140.000200 0.000000 0.000000 1.000000 0.000000 1.000000 0.000000 -1.000000 0.000000 0.000000 10928.dat
1 72 110.000500 -316.872300 160.000300 -1.000000 0.000000 0.000000 0.000000 1.000000 0.000000 0.000000 0.000000 -1.000000 87083.dat
1 72 110.000500 -316.872300 320.000200 -1.000000 0.000000 0.000000 0.000000 1.000000 0.000000 0.000000 0.000000 -1.000000 87083.dat
0 STEP
1 0 120.000400 -316.872300 320.000200 0.000000 0.000000 1.000002 0.000000 1.000000 0.000000 -1.000002 0.000000 0.000000 32269.dat
1 0 120.000400 -316.872300 160.000300 0.000000 0.000000 1.000002 0.000000 1.000000 0.000000 -1.000002 0.000000 0.000000 32269.dat
1 0 120.000000 -76.872300 140.000200 0.000000 0.000000 1.000000 0.000000 1.000000 0.000000 -1.000000 0.000000 0.000000 32269.dat
1 0 121.160100 -76.872300 340.000500 0.000000 0.000000 1.000002 -0.174381 0.984678 0.000000 -0.984680 -0.174381 0.000000 32269.dat
1 14 145.000500 -316.872300 160.000300 0.000000 0.000000 1.000000 0.000000 1.000000 0.000000 -1.000000 0.000000 0.000000 32123a.dat
1 14 134.930500 -316.872300 320.000200 0.000000 0.000000 1.000000 0.000000 1.000000 0.000000 -1.000000 0.000000 0.000000 32123a.dat
1 14 145.000500 -316.872300 320.000200 0.000000 0.000000 1.000000 0.000000 1.000000 0.000000 -1.000000 0.000000 0.000000 32123a.dat
1 14 135.090500 -316.872300 160.000300 0.000000 0.000000 1.000000 0.000000 1.000000 0.000000 -1.000000 0.000000 0.000000 32123a.dat
0 STEP
1 15 40.000000 -36.872100 260.000100 0.000000 -1.000002 0.000000 1.000000 0.000000 0.000000 0.000000 0.000000 1.000002 32278.dat
1 71 40.000100 -76.872300 80.000100 0.000000 -1.000002 0.000000 0.000000 0.000000 1.000000 -1.000002 0.000000 0.000000 32316.dat
0 STEP
1 0 30.000000 -36.872100 380.000300 1.000000 0.000000 0.000000 0.000000 1.000000 0.000000 0.000000 0.000000 1.000000 2780.dat
1 1 30.000100 -36.872100 360.000300 -1.000000 0.000000 0.000000 0.000000 1.000000 0.000000 0.000000 0.000000 -1.000000 43093.dat
1 1 30.000000 -36.872100 159.999900 -1.000002 0.000000 0.000000 0.000000 1.000000 0.000000 0.000000 0.000000 -1.000002 43093.dat
1 0 30.000000 -36.872100 119.999800 1.000002 0.000000 0.000000 0.000000 1.000000 0.000000 0.000000 0.000000 1.000002 2780.dat
